1174.86047241827  1.259048E-15
1175.00375881827  2.613607E-15
1175.14704521827  -9.033777E-17
1175.29033161827  5.248195E-15
1175.43361801827  2.624389E-15
1175.57690441827  -6.146853E-17
1175.72019081827  -1.417490E-15
1175.86347721827  1.808115E-15
1176.00676361827  2.094723E-15
1176.15005001827  2.092814E-15
1176.29333641827  3.924370E-16
1176.43662281827  1.169257E-15
1176.57990921827  1.513548E-15
1176.72319561827  5.900144E-16
1176.86648201827  1.467939E-15
1177.00976841827  2.427763E-15
1177.15305481827  9.499987E-16
1177.29634121827  1.157406E-15
1177.43962761827  -2.349268E-17
1177.58291401827  1.676198E-15
1177.72620041827  6.173910E-16
1177.86948681827  8.184761E-16
1178.01277321827  1.418004E-15
1178.15605961827  1.173230E-15
1178.29934601827  1.429868E-15
1178.44263241827  2.017227E-15
1178.58591881827  1.220107E-15
1178.72920521827  1.531019E-17
1178.87249161827  4.513179E-16
1179.01577801827  7.836850E-16
1179.15906441827  1.628743E-15
1179.30235081827  2.799073E-15
1179.44563721827  5.043197E-16
1179.58892361827  7.330013E-16
1179.73221001827  1.591601E-15
1179.87549641827  2.478034E-15
1180.01878281827  3.095335E-15
1180.16206921827  2.125522E-15
1180.30535561827  6.857259E-16
1180.44864201827  7.433645E-16
1180.59192841827  1.032057E-15
1180.73521481827  8.184917E-16
1180.87850121827  1.518871E-15
1181.02178761827  9.006196E-16
1181.16507401827  2.479699E-15
1181.30836041827  1.564002E-15
1181.45164681827  1.335385E-15
1181.59493321827  1.091607E-15
1181.73821961827  3.317068E-16
1181.88150601827  2.073353E-15
1182.02479241827  1.117695E-16
1182.16807881827  1.016843E-15
1182.31136521827  2.694425E-15
1182.45465161827  1.385917E-15
1182.59793801827  1.024705E-15
1182.74122441827  1.246014E-15
1182.88451081827  1.518599E-15
1183.02779721827  1.123075E-15
1183.17108361827  1.671236E-15
1183.31437001827  5.192381E-16
1183.45765641827  1.052923E-15
1183.60094281827  6.283069E-16
1183.74422921827  1.522412E-15
1183.88751561827  2.015405E-15
1184.03080201827  8.046537E-16
1184.17408841827  1.072901E-15
1184.31737481827  1.247017E-15
1184.46066121827  1.242545E-15
1184.60394761827  6.267848E-16
1184.74723401827  2.050122E-15
1184.89052041827  2.337882E-15
1185.03380681827  1.672774E-15
1185.17709321827  1.084083E-15
1185.32037961827  7.577094E-16
1185.46366601827  6.906849E-16
1185.60695241827  8.801191E-16
1185.75023881827  2.082339E-15
1185.89352521827  1.339209E-15
1186.03681161827  7.470299E-16
1186.18009801827  1.048479E-15
1186.32338441827  1.365830E-15
1186.46667081827  1.795588E-15
1186.60995721827  1.201942E-15
1186.75324361827  5.592416E-16
1186.89653001827  4.178671E-16
1187.03981641827  5.940662E-16
1187.18310281827  6.634204E-16
1187.32638921827  1.533176E-15
1187.46967561827  6.793350E-16
1187.61296201827  8.522414E-16
1187.75624841827  -4.808588E-17
1187.89953481827  6.154650E-16
1188.04282121827  1.975002E-15
1188.18610761827  8.482354E-16
1188.32939401827  9.885534E-16
1188.47268041827  1.366325E-15
1188.61596681827  1.685983E-15
1188.75925321827  1.834607E-15
1188.90253961827  1.349490E-15
1189.04582601827  7.936264E-16
1189.18911241827  1.104831E-15
1189.33239881827  5.598470E-16
1189.47568521827  9.321673E-16
1189.61897161827  1.329758E-15
1189.76225801827  7.158081E-16
1189.90554441827  2.378033E-16
1190.04883081827  1.556278E-16
1190.19211721827  8.952788E-16
1190.33540361827  1.009126E-15
1190.47869001827  1.130584E-15
1190.62197641827  1.004568E-15
1190.76526281827  9.772120E-16
1190.90854921827  1.058195E-15
1191.05183561827  7.733687E-16
1191.19512201827  -9.674736E-17
1191.33840841827  5.844146E-16
1191.48169481827  7.191299E-16
1191.62498121827  -3.606083E-17
1191.76826761827  1.093817E-16
1191.91155401827  1.440614E-15
1192.05484041827  1.073780E-15
1192.19812681827  8.958925E-16
1192.34141321827  8.540361E-16
1192.48469961827  4.558718E-16
1192.62798601827  1.393887E-15
1192.77127241827  1.340745E-15
1192.91455881827  6.711084E-16
1193.05784521827  4.534886E-16
1193.20113161827  6.083693E-16
1193.34441801827  7.872554E-16
1193.48770441827  4.189994E-16
1193.63099081827  7.474579E-16
1193.77427721827  1.444395E-15
1193.91756361827  1.505583E-15
1194.06085001827  8.192164E-16
1194.20413641827  5.853215E-16
1194.34742281827  1.697562E-15
1194.49070921827  1.408868E-15
1194.63399561827  4.439310E-16
1194.77728201827  1.364066E-15
1194.92056841827  2.212489E-15
1195.06385481827  1.429082E-15
1195.20714121827  1.196628E-15
1195.35042761827  1.466942E-15
1195.49371401827  8.271730E-16
1195.63700041827  5.581088E-16
1195.78028681827  8.564508E-16
1195.92357321827  9.510386E-16
1196.06685961827  8.431878E-16
1196.21014601827  7.423564E-16
1196.35343241827  4.324926E-16
1196.49671881827  6.443361E-16
1196.64000521827  9.345304E-16
1196.78329161827  9.338761E-16
1196.92657801827  8.327512E-16
1197.06986441827  8.257898E-16
1197.21315081827  1.708570E-15
1197.35643721827  1.824474E-15
1197.49972361827  1.220443E-15
1197.64301001827  1.115963E-15
1197.78629641827  1.113373E-15
1197.92958281827  6.453576E-16
1198.07286921827  4.111912E-16
1198.21615561827  1.447541E-15
1198.35944201827  1.900859E-15
1198.50272841827  8.571946E-16
1198.64601481827  4.897712E-16
1198.78930121827  9.013998E-16
1198.93258761827  9.861765E-16
1199.07587401827  1.433331E-15
1199.21916041827  1.673936E-15
1199.36244681827  1.205736E-15
1199.50573321827  8.879033E-16
1199.64901961827  5.513754E-16
1199.79230601827  3.774479E-16
1199.93559241827  8.554655E-16
1200.07887881827  6.590278E-16
1200.22216521827  4.488291E-16
1200.36545161827  5.536894E-16
1200.50873801827  5.206591E-16
1200.65202441827  5.837501E-16
1200.79531081827  2.505258E-16
1200.93859721827  6.006135E-16
1201.08188361827  7.186710E-16
1201.22517001827  9.631849E-16
1201.36845641827  4.822131E-16
1201.51174281827  3.827960E-16
1201.65502921827  9.562754E-16
1201.79831561827  7.019637E-16
1201.94160201827  6.261740E-16
1202.08488841827  9.826234E-16
1202.22817481827  1.267340E-15
1202.37146121827  1.234663E-15
1202.51474761827  8.760666E-16
1202.65803401827  9.258381E-16
1202.80132041827  1.227754E-15
1202.94460681827  1.137409E-15
1203.08789321827  1.091484E-15
1203.23117961827  9.727542E-16
1203.37446601827  1.522312E-15
1203.51775241827  1.517406E-15
1203.66103881827  1.134165E-15
1203.80432521827  4.657706E-16
1203.94761161827  4.645679E-16
1204.09089801827  7.066042E-16
1204.23418441827  1.089038E-15
1204.37747081827  8.553680E-16
1204.52075721827  5.706568E-16
1204.66404361827  9.835585E-16
1204.80733001827  1.702594E-15
1204.95061641827  7.930701E-16
1205.09390281827  1.155047E-16
1205.23718921827  5.077985E-16
1205.38047561827  1.132655E-15
1205.52376201827  7.899604E-16
1205.66704841827  6.253465E-16
1205.81033481827  3.364781E-16
1205.95362121827  3.964401E-16
1206.09690761827  7.008304E-16
1206.24019401827  1.301448E-15
1206.38348041827  6.637568E-16
1206.52676681827  7.773452E-16
1206.67005321827  5.749538E-16
1206.81333961827  4.111041E-16
1206.95662601827  1.197884E-15
1207.09991241827  1.423640E-15
1207.24319881827  1.276835E-15
1207.38648521827  9.745893E-16
1207.52977161827  8.542852E-16
1207.67305801827  5.951738E-16
1207.81634441827  1.222588E-15
1207.95963081827  1.025498E-15
1208.10291721827  1.721040E-15
1208.24620361827  1.367963E-15
1208.38949001827  5.183186E-16
1208.53277641827  7.078383E-16
1208.67606281827  7.586014E-16
1208.81934921827  1.434323E-15
1208.96263561827  1.975999E-15
1209.10592201827  1.731646E-15
1209.24920841827  1.294583E-15
1209.39249481827  1.056658E-15
1209.53578121827  1.132710E-15
1209.67906761827  1.482441E-15
1209.82235401827  1.642825E-15
1209.96564041827  9.727216E-16
1210.10892681827  6.957480E-16
1210.25221321827  6.969774E-16
1210.39549961827  6.982068E-16
1210.53878601827  6.994361E-16
1210.68207241827  7.006655E-16
1210.82535881827  7.018939E-16
1210.96864521827  7.031233E-16
1211.11193161827  7.043526E-16
1211.25521801827  7.055820E-16
1211.39850441827  7.068114E-16
1211.54179081827  7.080398E-16
1211.68507721827  7.092692E-16
1211.82836361827  7.104985E-16
1211.97165001827  7.117280E-16
1212.11493641827  7.129573E-16
1212.25822281827  7.141857E-16
1212.40150921827  7.154150E-16
1212.54479561827  7.166445E-16
1212.68808201827  7.178738E-16
1212.83136841827  7.191032E-16
1212.97465481827  7.203315E-16
1213.11794121827  7.215610E-16
1213.26122761827  7.227903E-16
1213.40451401827  7.240197E-16
1213.54780041827  7.252491E-16
1213.69108681827  7.264774E-16
1213.83437321827  7.277068E-16
1213.97765961827  7.289362E-16
1214.12094601827  7.301656E-16
1214.26423241827  7.313950E-16
1214.40751881827  7.326234E-16
1214.55080521827  7.338527E-16
1214.69409161827  7.350821E-16
1214.83737801827  7.363115E-16
1214.98066441827  7.375409E-16
1215.12395081827  7.387692E-16
1215.26723721827  7.399986E-16
1215.41052361827  7.412280E-16
1215.55381001827  7.424574E-16
1215.69709641827  7.436868E-16
1215.84038281827  7.449151E-16
1215.98366921827  7.461445E-16
1216.12695561827  7.473739E-16
1216.27024201827  7.486033E-16
1216.41352841827  7.498327E-16
1216.55681481827  7.510610E-16
1216.70010121827  7.522904E-16
1216.84338761827  7.535198E-16
1216.98667401827  7.547492E-16
1217.12996041827  7.559785E-16
1217.27324681827  7.572069E-16
1217.41653321827  7.584363E-16
1217.55981961827  7.596657E-16
1217.70310601827  7.608950E-16
1217.84639241827  7.621245E-16
1217.98967881827  7.633528E-16
1218.13296521827  7.645822E-16
1218.27625161827  7.658116E-16
1218.41953801827  7.670410E-16
1218.56282441827  7.682704E-16
1218.70611081827  7.694987E-16
1218.84939721827  7.707281E-16
1218.99268361827  7.719575E-16
1219.13597001827  7.731869E-16
1219.27925641827  7.744162E-16
1219.42254281827  7.756446E-16
1219.56582921827  7.768739E-16
1219.70911561827  7.781034E-16
1219.85240201827  7.793327E-16
1219.99568841827  7.805621E-16
1220.13897481827  9.221181E-16
1220.28226121827  1.100723E-15
1220.42554761827  -1.975678E-17
1220.56883401827  3.755518E-16
1220.71212041827  6.289581E-16
1220.85540681827  6.216098E-16
1220.99869321827  5.496219E-16
1221.14197961827  1.677112E-15
1221.28526601827  1.263927E-15
1221.42855241827  6.723853E-16
1221.57183881827  1.801275E-15
1221.71512521827  1.259017E-15
1221.85841161827  4.977757E-16
1222.00169801827  7.527519E-16
1222.14498441827  7.551748E-16
1222.28827081827  8.922065E-16
1222.43155721827  1.278802E-15
1222.57484361827  1.415603E-15
1222.71813001827  1.775178E-15
1222.86141641827  4.887873E-16
1223.00470281827  7.540899E-16
1223.14798921827  1.346091E-15
1223.29127561827  6.636919E-16
1223.43456201827  1.517578E-15
1223.57784841827  6.567863E-16
1223.72113481827  1.343874E-15
1223.86442121827  6.518240E-16
1224.00770761827  4.784573E-16
1224.15099401827  1.334694E-15
1224.29428041827  6.546117E-16
1224.43756681827  3.080174E-16
1224.58085321827  -3.501388E-17
1224.72413961827  8.058946E-16
1224.86742601827  6.457220E-16
1225.01071241827  1.812908E-15
1225.15399881827  -3.338706E-16
1225.29728521827  1.944139E-15
1225.44057161827  7.564330E-16
1225.58385801827  3.520786E-16
1225.72714441827  8.332003E-16
1225.87043081827  4.794881E-16
1226.01371721827  2.227132E-16
1226.15700361827  4.571008E-16
1226.30029001827  7.083180E-16
1226.44357641827  1.079614E-15
1226.58686281827  2.512274E-16
1226.73014921827  6.918185E-16
1226.87343561827  1.311033E-15
1227.01672201827  1.577337E-15
1227.16000841827  7.603229E-16
1227.30329481827  5.948672E-16
1227.44658121827  5.871436E-16
1227.58986761827  9.384568E-16
1227.73315401827  6.085837E-16
1227.87644041827  1.283662E-15
1228.01972681827  7.492682E-16
1228.16301321827  7.071505E-16
1228.30629961827  1.299785E-16
1228.44958601827  1.347657E-15
1228.59287241827  6.449659E-16
1228.73615881827  4.654492E-16
1228.87944521827  7.948866E-16
1229.02273161827  3.713920E-16
1229.16601801827  6.682856E-16
1229.30930441827  8.103053E-16
1229.45259081827  1.377344E-15
1229.59587721827  7.622030E-16
1229.73916361827  1.248856E-15
1229.88245001827  1.303650E-15
1230.02573641827  1.630074E-15
1230.16902281827  1.006388E-15
1230.31230921827  1.696219E-15
1230.45559561827  1.345352E-15
1230.59888201827  1.074878E-15
1230.74216841827  7.246979E-16
1230.88545481827  1.113883E-15
1231.02874121827  6.310013E-16
1231.17202761827  1.519930E-15
1231.31531401827  8.990552E-16
1231.45860041827  1.011609E-15
1231.60188681827  1.143911E-15
1231.74517321827  1.260023E-15
1231.88845961827  1.168499E-15
1232.03174601827  1.048203E-15
1232.17503241827  6.174669E-16
1232.31831881827  1.279830E-15
1232.46160521827  9.756841E-16
1232.60489161827  6.035075E-16
1232.74817801827  3.502323E-16
1232.89146441827  8.279185E-16
1233.03475081827  9.096937E-16
1233.17803721827  3.013625E-16
1233.32132361827  1.005754E-15
1233.46461001827  6.409116E-16
1233.60789641827  8.538052E-16
1233.75118281827  9.058123E-16
1233.89446921827  1.501663E-15
1234.03775561827  7.183829E-16
1234.18104201827  5.527527E-16
1234.32432841827  8.479369E-16
1234.46761481827  7.069190E-16
1234.61090121827  9.619276E-16
1234.75418761827  1.116197E-15
1234.89747401827  1.134388E-15
1235.04076041827  1.520502E-15
1235.18404681827  1.889940E-15
1235.32733321827  9.861147E-16
1235.47061961827  8.771724E-16
1235.61390601827  1.183420E-15
1235.75719241827  7.691577E-16
1235.90047881827  5.684701E-16
1236.04376521827  1.019604E-15
1236.18705161827  1.031440E-15
1236.33033801827  1.102765E-15
1236.47362441827  9.362536E-16
1236.61691081827  6.112825E-16
1236.76019721827  1.101286E-15
1236.90348361827  9.576362E-16
1237.04677001827  7.039904E-16
1237.19005641827  3.815143E-16
1237.33334281827  2.201190E-16
1237.47662921827  1.049495E-16
1237.61991561827  8.085723E-16
1237.76320201827  9.973916E-16
1237.90648841827  9.963267E-16
1238.04977481827  6.346608E-16
1238.19306121827  9.842543E-16
1238.33634761827  5.702862E-16
1238.47963401827  6.598487E-17
1238.62292041827  1.293935E-15
1238.76620681827  1.050933E-15
1238.90949321827  1.048832E-15
1239.05277961827  6.607603E-16
1239.19606601827  6.184857E-16
1239.33935241827  1.077991E-15
1239.48263881827  6.873915E-16
1239.62592521827  9.609029E-16
1239.76921161827  6.616235E-16
1239.91249801827  1.127332E-15
1240.05578441827  1.484166E-15
1240.19907081827  8.563390E-16
1240.34235721827  4.692268E-16
1240.48564361827  1.174379E-15
1240.62893001827  9.159168E-16
1240.77221641827  4.971478E-16
1240.91550281827  9.975846E-16
1241.05878921827  6.102655E-16
1241.20207561827  9.925848E-16
1241.34536201827  5.293575E-16
1241.48864841827  8.784936E-16
1241.63193481827  7.510031E-16
1241.77522121827  1.125798E-15
1241.91850761827  1.381649E-15
1242.06179401827  1.085857E-15
1242.20508041827  9.670932E-16
1242.34836681827  1.532576E-15
1242.49165321827  9.346172E-16
1242.63493961827  1.436099E-15
1242.77822601827  1.097448E-15
1242.92151241827  1.251369E-15
1243.06479881827  1.244598E-15
1243.20808521827  1.737778E-15
1243.35137161827  2.191094E-15
1243.49465801827  2.282814E-15
1243.63794441827  1.574337E-15
1243.78123081827  2.068054E-15
1243.92451721827  2.460504E-15
1244.06780361827  2.955569E-15
1244.21109001827  2.913381E-15
1244.35437641827  3.196889E-15
1244.49766281827  3.431771E-15
1244.64094921827  4.072672E-15
1244.78423561827  4.483107E-15
1244.92752201827  4.967557E-15
1245.07080841827  6.447397E-15
1245.21409481827  7.927256E-15
1245.35738121827  8.629155E-15
1245.50066761827  9.585318E-15
1245.64395401827  1.228662E-14
1245.78724041827  1.423864E-14
1245.93052681827  1.636101E-14
1246.07381321827  1.857593E-14
1246.21709961827  1.766439E-14
1246.36038601827  1.750924E-14
1246.50367241827  1.710986E-14
1246.64695881827  1.743915E-14
1246.79024521827  1.737535E-14
1246.93353161827  1.945051E-14
1247.07681801827  2.076106E-14
1247.22010441827  2.168644E-14
1247.36339081827  2.251213E-14
1247.50667721827  2.185284E-14
1247.64996361827  2.055103E-14
1247.79325001827  2.215474E-14
1247.93653641827  1.994280E-14
1248.07982281827  1.874365E-14
1248.22310921827  1.786326E-14
1248.36639561827  1.828902E-14
1248.50968201827  1.895590E-14
1248.65296841827  1.901473E-14
1248.79625481827  1.920667E-14
1248.93954121827  1.695850E-14
1249.08282761827  1.580644E-14
1249.22611401827  1.477671E-14
1249.36940041827  1.395774E-14
1249.51268681827  1.145787E-14
1249.65597321827  8.901412E-15
1249.79925961827  6.659492E-15
1249.94254601827  4.633058E-15
1250.08583241827  3.372818E-15
1250.22911881827  2.289546E-15
1250.37240521827  1.530125E-15
1250.51569161827  1.268558E-15
1250.65897801827  8.985619E-16
1250.80226441827  1.095879E-15
1250.94555081827  1.265259E-15
1251.08883721827  1.550981E-15
1251.23212361827  1.163768E-15
1251.37541001827  1.195490E-15
1251.51869641827  7.228021E-16
1251.66198281827  5.395717E-16
1251.80526921827  1.085607E-15
1251.94855561827  1.391049E-15
1252.09184201827  1.239120E-15
1252.23512841827  1.561424E-15
1252.37841481827  1.276596E-15
1252.52170121827  1.034863E-15
1252.66498761827  8.010975E-16
1252.80827401827  6.571577E-16
1252.95156041827  7.617355E-16
1253.09484681827  9.283883E-16
1253.23813321827  1.011171E-15
1253.38141961827  8.863153E-16
1253.52470601827  6.771961E-16
1253.66799241827  9.614063E-16
1253.81127881827  1.029870E-15
1253.95456521827  1.207954E-15
1254.09785161827  1.297910E-15
1254.24113801827  1.333556E-15
1254.38442441827  1.054773E-15
1254.52771081827  8.570398E-16
1254.67099721827  1.259503E-15
1254.81428361827  1.816505E-15
1254.95757001827  1.494098E-15
1255.10085641827  8.050974E-16
1255.24414281827  5.869598E-16
1255.38742921827  1.532355E-15
1255.53071561827  1.760444E-15
1255.67400201827  1.055755E-15
1255.81728841827  7.910121E-16
1255.96057481827  9.656762E-16
1256.10386121827  1.214256E-15
1256.24714761827  8.966595E-16
1256.39043401827  8.152116E-16
1256.53372041827  1.051042E-15
1256.67700681827  1.382065E-15
1256.82029321827  1.377166E-15
1256.96357961827  9.111433E-16
1257.10686601827  1.025603E-15
1257.25015241827  9.004972E-16
1257.39343881827  1.202662E-15
1257.53672521827  1.140274E-15
1257.68001161827  6.822323E-16
1257.82329801827  5.142759E-16
1257.96658441827  5.988446E-16
1258.10987081827  7.817443E-16
1258.25315721827  9.461893E-16
1258.39644361827  9.741910E-16
1258.53973001827  9.357776E-16
1258.68301641827  7.079995E-16
1258.82630281827  5.832733E-16
1258.96958921827  7.848220E-16
1259.11287561827  8.238468E-16
1259.25616201827  9.375581E-16
1259.39944841827  5.405010E-16
1259.54273481827  3.902523E-16
1259.68602121827  6.200385E-16
1259.82930761827  5.194988E-16
1259.97259401827  7.371901E-16
1260.11588041827  7.105610E-16
1260.25916681827  4.187964E-16
1260.40245321827  5.287594E-16
1260.54573961827  2.537121E-16
1260.68902601827  2.526978E-17
1260.83231241827  4.301491E-16
1260.97559881827  5.162887E-16
1261.11888521827  4.225515E-16
1261.26217161827  4.193586E-16
1261.40545801827  7.301373E-16
1261.54874441827  1.021298E-15
1261.69203081827  6.659425E-16
1261.83531721827  7.275606E-16
1261.97860361827  8.178479E-16
1262.12189001827  4.693831E-16
1262.26517641827  6.224840E-16
1262.40846281827  1.121429E-15
1262.55174921827  1.268966E-15
1262.69503561827  9.689799E-16
1262.83832201827  6.195652E-16
1262.98160841827  4.691885E-16
1263.12489481827  1.013360E-15
1263.26818121827  1.121083E-15
1263.41146761827  9.619211E-16
1263.55475401827  1.019043E-15
1263.69804041827  4.240701E-16
1263.84132681827  3.603936E-16
1263.98461321827  7.120132E-16
1264.12789961827  8.106547E-16
1264.27118601827  7.167947E-16
1264.41447241827  8.985068E-16
1264.55775881827  1.111556E-15
1264.70104521827  9.099953E-16
1264.84433161827  8.108485E-16
1264.98761801827  5.699692E-16
1265.13090441827  5.997023E-16
1265.27419081827  9.041770E-16
1265.41747721827  1.002230E-15
1265.56076361827  1.287318E-15
1265.70405001827  1.173932E-15
1265.84733641827  1.082349E-15
1265.99062281827  1.215114E-15
1266.13390921827  7.234196E-16
1266.27719561827  4.620878E-16
1266.42048201827  6.911810E-16
1266.56376841827  8.621297E-16
1266.70705481827  5.743593E-16
1266.85034121827  5.905995E-16
1266.99362761827  7.640551E-16
1267.13691401827  8.835700E-16
1267.28020041827  8.786505E-16
1267.42348681827  1.098389E-15
1267.56677321827  1.379351E-15
1267.71005961827  8.623209E-16
1267.85334601827  9.333143E-16
1267.99663241827  8.373192E-16
1268.13991881827  9.915192E-16
1268.28320521827  1.240111E-15
1268.42649161827  8.428851E-16
1268.56977801827  8.197540E-16
1268.71306441827  7.006103E-16
1268.85635081827  9.288292E-16
1268.99963721827  1.189338E-15
1269.14292361827  1.156771E-15
1269.28621001827  1.047162E-15
1269.42949641827  6.594035E-16
1269.57278281827  6.803089E-16
1269.71606921827  1.165817E-15
1269.85935561827  9.459160E-16
1270.00264201827  8.182047E-16
1270.14592841827  9.063608E-16
1270.28921481827  8.571219E-16
1270.43250121827  4.859794E-16
1270.57578761827  6.097609E-16
1270.71907401827  8.037498E-16
1270.86236041827  1.301290E-15
1271.00564681827  1.149677E-15
1271.14893321827  8.969226E-16
1271.29221961827  1.189232E-15
1271.43550601827  1.132833E-15
1271.57879241827  1.009603E-15
1271.72207881827  1.004612E-15
1271.86536521827  1.066428E-15
1272.00865161827  1.086470E-15
1272.15193801827  1.342735E-15
1272.29522441827  1.431256E-15
1272.43851081827  1.551253E-15
1272.58179721827  9.627919E-16
1272.72508361827  6.929677E-16
1272.86837001827  7.936696E-16
1273.01165641827  1.089687E-15
1273.15494281827  1.723134E-15
1273.29822921827  1.125926E-15
1273.44151561827  6.037376E-16
1273.58480201827  3.390224E-16
1273.72808841827  7.273705E-16
1273.87137481827  8.552196E-16
1274.01466121827  6.475494E-16
1274.15794761827  1.128130E-15
1274.30123401827  1.337442E-15
1274.44452041827  1.221710E-15
1274.58780681827  9.140114E-16
1274.73109321827  9.112396E-16
1274.87437961827  1.720363E-15
1275.01766601827  1.589094E-15
1275.16095241827  1.162050E-15
1275.30423881827  1.143475E-15
1275.44752521827  1.101104E-15
1275.59081161827  1.217162E-15
1275.73409801827  1.291644E-15
1275.87738441827  1.258955E-15
1276.02067081827  9.879563E-16
1276.16395721827  9.661700E-16
1276.30724361827  1.246731E-15
1276.45053001827  1.561605E-15
1276.59381641827  1.317886E-15
1276.73710281827  1.096406E-15
1276.88038921827  1.287116E-15
1277.02367561827  1.368952E-15
1277.16696201827  1.456055E-15
1277.31024841827  1.728873E-15
1277.45353481827  1.751428E-15
1277.59682121827  1.655786E-15
1277.74010761827  1.308493E-15
1277.88339401827  1.190201E-15
1278.02668041827  1.571803E-15
1278.16996681827  1.176534E-15
1278.31325321827  1.008683E-15
1278.45653961827  9.705888E-16
1278.59982601827  1.351145E-15
1278.74311241827  1.520623E-15
1278.88639881827  1.471118E-15
1279.02968521827  1.450837E-15
1279.17297161827  1.314228E-15
1279.31625801827  1.355575E-15
1279.45954441827  1.009707E-15
1279.60283081827  1.035824E-15
1279.74611721827  1.605983E-15
1279.88940361827  1.520943E-15
1280.03269001827  7.993936E-16
1280.17597641827  1.125702E-15
1280.31926281827  1.421681E-15
1280.46254921827  1.333847E-15
1280.60583561827  1.225201E-15
1280.74912201827  1.055184E-15
1280.89240841827  1.164170E-15
1281.03569481827  8.855486E-16
1281.17898121827  1.125451E-15
1281.32226761827  1.542608E-15
1281.46555401827  1.463582E-15
1281.60884041827  1.437090E-15
1281.75212681827  1.019630E-15
1281.89541321827  1.387898E-15
1282.03869961827  1.552028E-15
1282.18198601827  1.301557E-15
1282.32527241827  8.753385E-16
1282.46855881827  1.786289E-15
1282.61184521827  1.552000E-15
1282.75513161827  1.949651E-15
1282.89841801827  1.343817E-15
1283.04170441827  7.309668E-16
1283.18499081827  9.422231E-16
1283.32827721827  8.243563E-16
1283.47156361827  1.198202E-15
1283.61485001827  1.038035E-15
1283.75813641827  1.012736E-15
1283.90142281827  1.574887E-15
1284.04470921827  1.289656E-15
1284.18799561827  7.574283E-16
1284.33128201827  7.568087E-16
1284.47456841827  7.570063E-16
1284.61785481827  1.070848E-15
1284.76114121827  1.008566E-15
1284.90442761827  9.115932E-16
1285.04771401827  1.228657E-15
1285.19100041827  7.535426E-16
1285.33428681827  1.218059E-15
1285.47757321827  1.821841E-15
1285.62085961827  1.440615E-15
1285.76414601827  1.504536E-15
1285.90743241827  1.163925E-15
1286.05071881827  8.426483E-16
1286.19400521827  1.004509E-15
1286.33729161827  9.655083E-16
1286.48057801827  1.554429E-15
1286.62386441827  1.854139E-15
1286.76715081827  1.161901E-15
1286.91043721827  8.779270E-16
1287.05372361827  1.053436E-15
1287.19701001827  1.533535E-15
1287.34029641827  1.589015E-15
1287.48358281827  1.607619E-15
1287.62686921827  9.767755E-16
1287.77015561827  6.612224E-16
1287.91344201827  8.274368E-16
1288.05672841827  1.468182E-15
1288.20001481827  1.350570E-15
1288.34330121827  9.763294E-16
1288.48658761827  8.940045E-16
1288.62987401827  1.192611E-15
1288.77316041827  9.991606E-16
1288.91644681827  8.831195E-16
1289.05973321827  7.984235E-16
1289.20301961827  9.267598E-16
1289.34630601827  4.022020E-16
1289.48959241827  8.470125E-16
1289.63287881827  1.501757E-15
1289.77616521827  1.285798E-15
1289.91945161827  1.290240E-15
1290.06273801827  1.545514E-15
1290.20602441827  1.090462E-15
1290.34931081827  1.033462E-15
1290.49259721827  9.595429E-16
1290.63588361827  1.173824E-15
1290.77917001827  1.312716E-15
1290.92245641827  1.013840E-15
1291.06574281827  7.061236E-16
1291.20902921827  9.573834E-16
1291.35231561827  1.143482E-15
1291.49560201827  1.357457E-15
1291.63888841827  1.249566E-15
1291.78217481827  7.496071E-16
1291.92546121827  1.191200E-15
1292.06874761827  1.021752E-15
1292.21203401827  1.141938E-15
1292.35532041827  1.245772E-15
1292.49860681827  1.207778E-15
1292.64189321827  1.193348E-15
1292.78517961827  9.954220E-16
1292.92846601827  8.868806E-16
1293.07175241827  6.769996E-16
1293.21503881827  6.745749E-16
1293.35832521827  4.245823E-16
1293.50161161827  8.917784E-16
1293.64489801827  1.419486E-15
1293.78818441827  9.800386E-16
1293.93147081827  9.281565E-16
1294.07475721827  1.378675E-15
1294.21804361827  1.020526E-15
1294.36133001827  6.229490E-16
1294.50461641827  6.757928E-16
1294.64790281827  8.352537E-16
1294.79118921827  1.111850E-15
1294.93447561827  1.538087E-15
1295.07776201827  1.271352E-15
1295.22104841827  1.375775E-15
1295.36433481827  1.538083E-15
1295.50762121827  1.062611E-15
1295.65090761827  7.359709E-16
1295.79419401827  1.115034E-15
1295.93748041827  7.910225E-16
1296.08076681827  9.913651E-16
1296.22405321827  1.248817E-15
1296.36733961827  1.635791E-15
1296.51062601827  9.238134E-16
1296.65391241827  9.905699E-16
1296.79719881827  1.041537E-15
1296.94048521827  1.175686E-15
1297.08377161827  1.073653E-15
1297.22705801827  8.805261E-16
1297.37034441827  9.808014E-16
1297.51363081827  8.632503E-16
1297.65691721827  1.115537E-15
1297.80020361827  7.361439E-16
1297.94349001827  1.054721E-15
1298.08677641827  1.452826E-15
1298.23006281827  9.363730E-16
1298.37334921827  1.294609E-15
1298.51663561827  5.688285E-16
1298.65992201827  4.584476E-16
1298.80320841827  6.997801E-16
1298.94649481827  1.321400E-15
1299.08978121827  1.455009E-15
1299.23306761827  9.077066E-16
1299.37635401827  1.326673E-15
1299.51964041827  1.136497E-15
1299.66292681827  1.765024E-15
1299.80621321827  2.302524E-15
1299.94949961827  2.000475E-15
1300.09278601827  1.899835E-15
1300.23607241827  2.229360E-15
1300.37935881827  1.845093E-15
1300.52264521827  1.815577E-15
1300.66593161827  1.591170E-15
1300.80921801827  1.606092E-15
1300.95250441827  1.337603E-15
1301.09579081827  1.663014E-15
1301.23907721827  1.979949E-15
1301.38236361827  1.791044E-15
1301.52565001827  1.545480E-15
1301.66893641827  1.819000E-15
1301.81222281827  1.675639E-15
1301.95550921827  1.360558E-15
1302.09879561827  1.777761E-15
1302.24208201827  2.045915E-15
1302.38536841827  1.683422E-15
1302.52865481827  1.939604E-15
1302.67194121827  2.187664E-15
1302.81522761827  1.983904E-15
1302.95851401827  2.118701E-15
1303.10180041827  1.935985E-15
1303.24508681827  2.028256E-15
1303.38837321827  2.450663E-15
1303.53165961827  3.035116E-15
1303.67494601827  1.797262E-15
1303.81823241827  1.886389E-15
1303.96151881827  1.564924E-15
1304.10480521827  1.609695E-15
1304.24809161827  1.423825E-15
1304.39137801827  1.172251E-15
1304.53466441827  1.284802E-15
1304.67795081827  8.940424E-16
1304.82123721827  1.286169E-15
1304.96452361827  1.677654E-15
1305.10781001827  1.816004E-15
1305.25109641827  1.608501E-15
1305.39438281827  1.332841E-15
1305.53766921827  2.231862E-15
1305.68095561827  1.701563E-15
1305.82424201827  1.563633E-15
1305.96752841827  2.003109E-15
1306.11081481827  1.471422E-15
1306.25410121827  1.518051E-15
1306.39738761827  1.449521E-15
1306.54067401827  1.609882E-15
1306.68396041827  2.027430E-15
1306.82724681827  1.590151E-15
1306.97053321827  8.491556E-16
1307.11381961827  9.610308E-16
1307.25710601827  1.566545E-15
1307.40039241827  1.033469E-15
1307.54367881827  1.029021E-15
1307.68696521827  1.173916E-15
1307.83025161827  4.754030E-16
1307.97353801827  8.475071E-16
1308.11682441827  7.536642E-16
1308.26011081827  8.702733E-16
1308.40339721827  8.683307E-16
1308.54668361827  1.076654E-15
1308.68997001827  9.622999E-16
1308.83325641827  7.266932E-16
1308.97654281827  9.400426E-16
1309.11982921827  5.669584E-16
1309.26311561827  6.608337E-16
1309.40640201827  7.676689E-16
1309.54968841827  1.310045E-15
1309.69297481827  7.254180E-16
1309.83626121827  1.029675E-15
1309.97954761827  8.679195E-16
1310.12283401827  7.536021E-16
1310.26612041827  5.919320E-16
1310.40940681827  7.228800E-16
1310.55269321827  1.240086E-15
1310.69597961827  8.908495E-16
1310.83926601827  1.268587E-15
1310.98255241827  1.991116E-15
1311.12583881827  6.780535E-16
1311.26912521827  1.234125E-15
1311.41241161827  1.266901E-15
1311.55569801827  6.413669E-16
1311.69898441827  5.862498E-16
1311.84227081827  1.076581E-15
1311.98555721827  1.142459E-15
1312.12884361827  1.240847E-15
1312.27213001827  1.023145E-15
1312.41541641827  1.333076E-15
1312.55870281827  1.026386E-15
1312.70198921827  1.010700E-15
1312.84527561827  6.308997E-16
1312.98856201827  9.807886E-16
1313.13184841827  9.810861E-16
1313.27513481827  9.380711E-16
1313.41842121827  8.857781E-16
1313.56170761827  1.056405E-15
1313.70499401827  7.496540E-16
1313.84828041827  9.551729E-16
1313.99156681827  1.121645E-15
1314.13485321827  8.500903E-16
1314.27813961827  4.738115E-16
1314.42142601827  6.818237E-16
1314.56471241827  8.489184E-16
1314.70799881827  7.521519E-16
1314.85128521827  9.148008E-16
1314.99457161827  8.976800E-16
1315.13785801827  7.258064E-16
1315.28114441827  1.077687E-15
1315.42443081827  1.120876E-15
1315.56771721827  1.194070E-15
1315.71100361827  7.865637E-16
1315.85429001827  3.069246E-16
1315.99757641827  9.306205E-16
1316.14086281827  1.222928E-15
1316.28414921827  9.317407E-16
1316.42743561827  1.310539E-15
1316.57072201827  1.081658E-15
1316.71400841827  1.037759E-15
1316.85729481827  1.614547E-15
1317.00058121827  8.512903E-16
1317.14386761827  5.821420E-16
1317.28715401827  1.139160E-15
1317.43044041827  1.306436E-15
1317.57372681827  9.916047E-16
1317.71701321827  5.388552E-16
1317.86029961827  9.137779E-16
1318.00358601827  9.623997E-16
1318.14687241827  7.610380E-16
1318.29015881827  4.476709E-16
1318.43344521827  8.212595E-16
1318.57673161827  9.135336E-16
1318.72001801827  1.136812E-15
1318.86330441827  1.302496E-15
1319.00659081827  5.541083E-16
1319.14987721827  1.564185E-15
1319.29316361827  1.481564E-15
1319.43645001827  1.010042E-15
1319.57973641827  1.060495E-15
1319.72302281827  9.240368E-16
1319.86630921827  6.900486E-16
1320.00959561827  6.854173E-16
1320.15288201827  9.420437E-16
1320.29616841827  9.736519E-16
1320.43945481827  7.520096E-16
1320.58274121827  1.132002E-15
1320.72602761827  9.890907E-16
1320.86931401827  9.891679E-16
1321.01260041827  1.143152E-15
1321.15588681827  1.637018E-15
1321.29917321827  1.437100E-15
1321.44245961827  8.683949E-16
1321.58574601827  1.058047E-15
1321.72903241827  1.031310E-15
1321.87231881827  1.149457E-15
1322.01560521827  1.057081E-15
1322.15889161827  9.867141E-16
1322.30217801827  9.645919E-16
1322.44546441827  9.597635E-16
1322.58875081827  1.171108E-15
1322.73203721827  1.060940E-15
1322.87532361827  9.079410E-16
1323.01861001827  1.630728E-15
1323.16189641827  1.625200E-15
1323.30518281827  8.646618E-16
1323.44846921827  1.423789E-15
1323.59175561827  1.590026E-15
1323.73504201827  1.383005E-15
1323.87832841827  1.260712E-15
1324.02161481827  1.453549E-15
1324.16490121827  1.127898E-15
1324.30818761827  8.983978E-16
1324.45147401827  7.950512E-16
1324.59476041827  1.201867E-15
1324.73804681827  6.793882E-16
1324.88133321827  7.936753E-16
1325.02461961827  1.300974E-15
1325.16790601827  7.433430E-16
1325.31119241827  5.514351E-16
1325.45447881827  8.621553E-16
1325.59776521827  9.558559E-16
1325.74105161827  1.106185E-15
1325.88433801827  1.637473E-15
1326.02762441827  1.615578E-15
1326.17091081827  1.079251E-15
1326.31419721827  1.454749E-15
1326.45748361827  1.455931E-15
1326.60077001827  1.275460E-15
1326.74405641827  8.636142E-16
1326.88734281827  1.408561E-15
1327.03062921827  1.508960E-15
1327.17391561827  1.245600E-15
1327.31720201827  1.602147E-15
1327.46048841827  1.134849E-15
1327.60377481827  9.948429E-16
1327.74706121827  1.154594E-15
1327.89034761827  1.396185E-15
1328.03363401827  9.188355E-16
1328.17692041827  1.671038E-15
1328.32020681827  9.966866E-16
1328.46349321827  5.496135E-16
1328.60677961827  9.921516E-16
1328.75006601827  1.134661E-15
1328.89335241827  1.012705E-15
1329.03663881827  1.717257E-15
1329.17992521827  1.246579E-15
1329.32321161827  1.411563E-15
1329.46649801827  5.712807E-16
1329.60978441827  9.214755E-16
1329.75307081827  9.889389E-16
1329.89635721827  1.618902E-15
1330.03964361827  9.444697E-16
1330.18293001827  8.977371E-16
1330.32621641827  1.107551E-15
1330.46950281827  7.594345E-16
1330.61278921827  4.804871E-16
1330.75607561827  8.525828E-16
1330.89936201827  6.507671E-16
1331.04264841827  4.956323E-16
1331.18593481827  7.758211E-16
1331.32922121827  1.520751E-15
1331.47250761827  1.890970E-15
1331.61579401827  1.430570E-15
1331.75908041827  1.395261E-15
1331.90236681827  5.292152E-16
1332.04565321827  1.030486E-15
1332.18893961827  1.611669E-15
1332.33222601827  6.541011E-16
1332.47551241827  9.665362E-16
1332.61879881827  1.306220E-15
1332.76208521827  1.245843E-15
1332.90537161827  1.211445E-15
1333.04865801827  7.769863E-16
1333.19194441827  7.674817E-16
1333.33523081827  1.181450E-15
1333.47851721827  6.873811E-16
1333.62180361827  2.067842E-16
1333.76509001827  6.957620E-16
1333.90837641827  8.555651E-16
1334.05166281827  6.201860E-16
1334.19494921827  3.429006E-16
1334.33823561827  2.944309E-16
1334.48152201827  2.290145E-16
1334.62480841827  4.613016E-16
1334.76809481827  4.329701E-16
1334.91138121827  2.291188E-16
1335.05466761827  3.868909E-16
1335.19795401827  1.262983E-16
1335.34124041827  1.938011E-18
1335.48452681827  5.738829E-16
1335.62781321827  5.094938E-16
1335.77109961827  7.163961E-16
1335.91438601827  7.659553E-16
1336.05767241827  9.283469E-16
1336.20095881827  8.726730E-16
1336.34424521827  7.027911E-16
1336.48753161827  1.059718E-15
1336.63081801827  8.166536E-16
1336.77410441827  1.168125E-15
1336.91739081827  1.249286E-15
1337.06067721827  9.561352E-16
1337.20396361827  9.429913E-16
1337.34725001827  5.823938E-16
1337.49053641827  7.957371E-16
1337.63382281827  1.027267E-15
1337.77710921827  9.442312E-16
1337.92039561827  4.576158E-16
1338.06368201827  4.814851E-16
1338.20696841827  1.048392E-15
1338.35025481827  7.832957E-16
1338.49354121827  4.409194E-16
1338.63682761827  5.956097E-16
1338.78011401827  1.162199E-15
1338.92340041827  1.263461E-15
1339.06668681827  6.232197E-16
1339.20997321827  1.284913E-15
1339.35325961827  1.712469E-15
1339.49654601827  1.576760E-15
1339.63983241827  1.474460E-15
1339.78311881827  1.174603E-15
1339.92640521827  1.027456E-15
1340.06969161827  8.484815E-16
1340.21297801827  9.425340E-16
1340.35626441827  9.845583E-16
1340.49955081827  8.635127E-16
1340.64283721827  7.275451E-16
1340.78612361827  7.550056E-16
1340.92941001827  1.063779E-15
1341.07269641827  1.489870E-15
1341.21598281827  1.120398E-15
1341.35926921827  1.176905E-15
1341.50255561827  6.603236E-16
1341.64584201827  8.904032E-16
1341.78912841827  1.081099E-15
1341.93241481827  6.728214E-16
1342.07570121827  8.486950E-16
1342.21898761827  7.965219E-16
1342.36227401827  1.511591E-15
1342.50556041827  1.050206E-15
1342.64884681827  9.429243E-16
1342.79213321827  1.010544E-15
1342.93541961827  1.010722E-15
1343.07870601827  1.120949E-15
1343.22199241827  1.224664E-15
1343.36527881827  9.323149E-16
1343.50856521827  1.283945E-15
1343.65185161827  1.456614E-15
1343.79513801827  1.501295E-15
1343.93842441827  1.462664E-15
1344.08171081827  7.262922E-16
1344.22499721827  7.538399E-16
1344.36828361827  1.017447E-15
1344.51157001827  1.513184E-15
1344.65485641827  1.270045E-15
1344.79814281827  8.210363E-16
1344.94142921827  1.289403E-15
1345.08471561827  7.662654E-16
1345.22800201827  7.185498E-16
1345.37128841827  1.175028E-15
1345.51457481827  1.687475E-15
1345.65786121827  1.258823E-15
1345.80114761827  9.300796E-16
1345.94443401827  1.337240E-15
1346.08772041827  1.060169E-15
1346.23100681827  7.001656E-16
1346.37429321827  8.098546E-16
1346.51757961827  1.180170E-15
1346.66086601827  1.026295E-15
1346.80415241827  1.004361E-15
1346.94743881827  1.342673E-15
1347.09072521827  1.299916E-15
1347.23401161827  1.320661E-15
1347.37729801827  9.546241E-16
1347.52058441827  1.080351E-15
1347.66387081827  1.182446E-15
1347.80715721827  1.027085E-15
1347.95044361827  9.800669E-16
1348.09373001827  1.249219E-15
1348.23701641827  1.118962E-15
1348.38030281827  9.073174E-16
1348.52358921827  6.302397E-16
1348.66687561827  8.715223E-16
1348.81016201827  9.095173E-16
1348.95344841827  1.266973E-15
1349.09673481827  6.892620E-16
1349.24002121827  1.253816E-15
1349.38330761827  9.269560E-16
1349.52659401827  8.654532E-16
1349.66988041827  7.664800E-16
1349.81316681827  8.316723E-16
1349.95645321827  8.317939E-16
1350.09973961827  8.944544E-16
1350.24302601827  1.180863E-15
1350.38631241827  1.379392E-15
1350.52959881827  9.316971E-16
1350.67288521827  7.648610E-16
1350.81617161827  1.090683E-15
1350.95945801827  1.149807E-15
1351.10274441827  1.508304E-15
1351.24603081827  1.056781E-15
1351.38931721827  1.506185E-15
1351.53260361827  1.603710E-15
1351.67589001827  1.154769E-15
1351.81917641827  1.315038E-15
1351.96246281827  1.058509E-15
1352.10574921827  1.092863E-15
1352.24903561827  1.380594E-15
1352.39232201827  1.121497E-15
1352.53560841827  9.022271E-16
1352.67889481827  1.155623E-15
1352.82218121827  9.295742E-16
1352.96546761827  8.707859E-16
1353.10875401827  1.092246E-15
1353.25204041827  1.062085E-15
1353.39532681827  8.930373E-16
1353.53861321827  7.496458E-16
1353.68189961827  1.319508E-15
1353.82518601827  1.186280E-15
1353.96847241827  1.035728E-15
1354.11175881827  1.023114E-15
1354.25504521827  7.125597E-16
1354.39833161827  7.369348E-16
1354.54161801827  7.860697E-16
1354.68490441827  9.535123E-16
1354.82819081827  6.566852E-16
1354.97147721827  1.033201E-15
1355.11476361827  1.067937E-15
1355.25805001827  1.234339E-15
1355.40133641827  1.318499E-15
1355.54462281827  9.585555E-16
1355.68790921827  8.569241E-16
1355.83119561827  1.161581E-15
1355.97448201827  1.107425E-15
1356.11776841827  1.126505E-15
1356.26105481827  1.080737E-15
1356.40434121827  1.364680E-15
1356.54762761827  1.391666E-15
1356.69091401827  1.189327E-15
1356.83420041827  9.802315E-16
1356.97748681827  8.632917E-16
1357.12077321827  8.418230E-16
1357.26405961827  1.371981E-15
1357.40734601827  1.252702E-15
1357.55063241827  9.813790E-16
1357.69391881827  7.524141E-16
1357.83720521827  6.976961E-16
1357.98049161827  1.250220E-15
1358.12377801827  9.445685E-16
1358.26706441827  1.018340E-15
1358.41035081827  1.287921E-15
1358.55363721827  1.421095E-15
1358.69692361827  1.350020E-15
1358.84021001827  1.458607E-15
1358.98349641827  1.112995E-15
1359.12678281827  8.597319E-16
1359.27006921827  1.303260E-15
1359.41335561827  1.275890E-15
1359.55664201827  7.794281E-16
1359.69992841827  1.028621E-15
1359.84321481827  6.588893E-16
1359.98650121827  6.626575E-16
1360.12978761827  1.067685E-15
1360.27307401827  1.064332E-15
1360.41636041827  1.014020E-15
1360.55964681827  8.863688E-16
1360.70293321827  1.323539E-15
1360.84621961827  1.095388E-15
1360.98950601827  6.363886E-16
1361.13279241827  1.185359E-15
1361.27607881827  1.526861E-15
1361.41936521827  1.247659E-15
1361.56265161827  1.308406E-15
1361.70593801827  7.164214E-16
1361.84922441827  6.786381E-16
1361.99251081827  1.190997E-15
1362.13579721827  1.130834E-15
1362.27908361827  8.346374E-16
1362.42237001827  1.137931E-15
1362.56565641827  1.719975E-15
1362.70894281827  1.182567E-15
1362.85222921827  1.020679E-15
1362.99551561827  1.464439E-15
1363.13880201827  1.347525E-15
1363.28208841827  1.429461E-15
1363.42537481827  1.505146E-15
1363.56866121827  1.161602E-15
1363.71194761827  8.404184E-16
1363.85523401827  9.976640E-16
1363.99852041827  1.055764E-15
1364.14180681827  1.055546E-15
1364.28509321827  1.055099E-15
1364.42837961827  8.884850E-16
1364.57166601827  4.500832E-16
1364.71495241827  6.266238E-16
1364.85823881827  9.607307E-16
1365.00152521827  5.193014E-16
1365.14481161827  5.897974E-16
1365.28809801827  1.102176E-15
1365.43138441827  1.173653E-15
1365.57467081827  6.203375E-16
1365.71795721827  9.079524E-16
1365.86124361827  8.859866E-16
1366.00453001827  6.537820E-16
1366.14781641827  9.875261E-16
1366.29110281827  9.369884E-16
1366.43438921827  1.381436E-15
1366.57767561827  1.313307E-15
1366.72096201827  1.085453E-15
1366.86424841827  1.233144E-15
1367.00753481827  9.778013E-16
1367.15082121827  7.780807E-16
1367.29410761827  5.780190E-16
1367.43739401827  6.904987E-16
1367.58068041827  9.671278E-16
1367.72396681827  1.101084E-15
1367.86725321827  9.968637E-16
1368.01053961827  1.073300E-15
1368.15382601827  1.477017E-15
1368.29711241827  1.049101E-15
1368.44039881827  7.577056E-16
1368.58368521827  7.758068E-16
1368.72697161827  6.216550E-16
1368.87025801827  4.299195E-16
1369.01354441827  5.440321E-16
1369.15683081827  7.306776E-16
1369.30011721827  9.397765E-16
1369.44340361827  1.045700E-15
1369.58669001827  6.222544E-16
1369.72997641827  5.687189E-16
1369.87326281827  8.986417E-16
1370.01654921827  9.443833E-16
1370.15983561827  9.016004E-16
1370.30312201827  8.958272E-16
1370.44640841827  4.228624E-16
1370.58969481827  7.534239E-16
1370.73298121827  1.178831E-15
1370.87626761827  9.866562E-16
1371.01955401827  8.714621E-16
1371.16284041827  1.364194E-15
1371.30612681827  1.446022E-15
1371.44941321827  1.566036E-15
1371.59269961827  1.357637E-15
1371.73598601827  5.242793E-16
1371.87927241827  8.656683E-16
1372.02255881827  1.085414E-15
1372.16584521827  9.760257E-16
1372.30913161827  9.800384E-16
1372.45241801827  7.775979E-16
1372.59570441827  7.246690E-16
1372.73899081827  1.177296E-15
1372.88227721827  1.237364E-15
1373.02556361827  7.783782E-16
1373.16885001827  1.384018E-15
1373.31213641827  1.591593E-15
1373.45542281827  9.813988E-16
1373.59870921827  8.802568E-16
1373.74199561827  1.085293E-15
1373.88528201827  1.134360E-15
1374.02856841827  1.035618E-15
1374.17185481827  9.312926E-16
1374.31514121827  1.040322E-15
1374.45842761827  1.448112E-15
1374.60171401827  1.077247E-15
1374.74500041827  7.884050E-16
1374.88828681827  9.352459E-16
1375.03157321827  8.860234E-16
1375.17485961827  1.045091E-15
1375.31814601827  9.284622E-16
1375.46143241827  8.421276E-16
1375.60471881827  1.576967E-15
1375.74800521827  1.420730E-15
1375.89129161827  1.161634E-15
1376.03457801827  1.072429E-15
1376.17786441827  1.115869E-15
1376.32115081827  1.666787E-15
1376.46443721827  1.323185E-15
1376.60772361827  1.107730E-15
1376.75101001827  1.191669E-15
1376.89429641827  1.041627E-15
1377.03758281827  8.289170E-16
1377.18086921827  1.072829E-15
1377.32415561827  1.018490E-15
1377.46744201827  7.419545E-16
1377.61072841827  1.068488E-15
1377.75401481827  1.305060E-15
1377.89730121827  8.004270E-16
1378.04058761827  6.031862E-16
1378.18387401827  7.342682E-16
1378.32716041827  7.445289E-16
1378.47044681827  6.779302E-16
1378.61373321827  8.136020E-16
1378.75701961827  7.131757E-16
1378.90030601827  5.400226E-16
1379.04359241827  1.104763E-15
1379.18687881827  1.518813E-15
1379.33016521827  1.171824E-15
1379.47345161827  8.403035E-16
1379.61673801827  1.027705E-15
1379.76002441827  1.501316E-15
1379.90331081827  1.317585E-15
1380.04659721827  1.002724E-15
1380.18988361827  5.896167E-16
1380.33317001827  8.669462E-16
1380.47645641827  1.372543E-15
1380.61974281827  1.120196E-15
1380.76302921827  9.591815E-16
1380.90631561827  1.123778E-15
1381.04960201827  1.092255E-15
1381.19288841827  8.241885E-16
1381.33617481827  6.921415E-16
1381.47946121827  1.054791E-15
1381.62274761827  1.315654E-15
1381.76603401827  1.498966E-15
1381.90932041827  1.813261E-15
1382.05260681827  1.269136E-15
1382.19589321827  1.228880E-15
1382.33917961827  1.219866E-15
1382.48246601827  6.980186E-16
1382.62575241827  7.966794E-16
1382.76903881827  6.969546E-16
1382.91232521827  4.866476E-16
1383.05561161827  6.737417E-16
1383.19889801827  9.871277E-16
1383.34218441827  1.112397E-15
1383.48547081827  7.338544E-16
1383.62875721827  4.862774E-16
1383.77204361827  2.322374E-16
1383.91533001827  7.059596E-16
1384.05861641827  7.310644E-16
1384.20190281827  1.128237E-15
1384.34518921827  1.534050E-15
1384.48847561827  2.244655E-15
1384.63176201827  2.170427E-15
1384.77504841827  1.526739E-15
1384.91833481827  9.371708E-16
1385.06162121827  8.295523E-16
1385.20490761827  7.780269E-16
1385.34819401827  8.981856E-16
1385.49148041827  6.869005E-16
1385.63476681827  6.236718E-16
1385.77805321827  1.367271E-15
1385.92133961827  1.423808E-15
1386.06462601827  1.096890E-15
1386.20791241827  9.530165E-16
1386.35119881827  1.117101E-15
1386.49448521827  1.164967E-15
1386.63777161827  1.059628E-15
1386.78105801827  8.181741E-16
1386.92434441827  9.779207E-16
1387.06763081827  9.229633E-16
1387.21091721827  1.084746E-15
1387.35420361827  1.096879E-15
1387.49749001827  1.092133E-15
1387.64077641827  1.543341E-15
1387.78406281827  1.139965E-15
1387.92734921827  9.502279E-16
1388.07063561827  8.840065E-16
1388.21392201827  1.022664E-15
1388.35720841827  1.272417E-15
1388.50049481827  1.063026E-15
1388.64378121827  7.082499E-16
1388.78706761827  1.098067E-15
1388.93035401827  9.911728E-16
1389.07364041827  1.029239E-15
1389.21692681827  1.063526E-15
1389.36021321827  1.389854E-15
1389.50349961827  1.060528E-15
1389.64678601827  6.014308E-16
1389.79007241827  7.885164E-16
1389.93335881827  1.508342E-15
1390.07664521827  1.417157E-15
1390.21993161827  1.394483E-15
1390.36321801827  8.750695E-16
1390.50650441827  9.004448E-16
1390.64979081827  1.108186E-15
1390.79307721827  1.216069E-15
1390.93636361827  8.038955E-16
1391.07965001827  9.785440E-16
1391.22293641827  1.067468E-15
1391.36622281827  8.106801E-16
1391.50950921827  1.390512E-15
1391.65279561827  1.002027E-15
1391.79608201827  9.415350E-16
1391.93936841827  7.339586E-16
1392.08265481827  8.361202E-16
1392.22594121827  1.236887E-15
1392.36922761827  9.032377E-16
1392.51251401827  7.171573E-16
1392.65580041827  8.716623E-16
1392.79908681827  8.558313E-16
1392.94237321827  9.805743E-16
1393.08565961827  6.529753E-16
1393.22894601827  4.245642E-16
1393.37223241827  7.089748E-16
1393.51551881827  8.289605E-16
1393.65880521827  7.505723E-16
1393.80209161827  7.214968E-16
1393.94537801827  1.356041E-15
1394.08866441827  1.191646E-15
1394.23195081827  4.096572E-16
1394.37523721827  5.002883E-16
1394.51852361827  4.528198E-16
1394.66181001827  1.601313E-15
1394.80509641827  1.539669E-15
1394.94838281827  1.938984E-15
1395.09166921827  1.324417E-15
1395.23495561827  1.131936E-15
1395.37824201827  8.331369E-16
1395.52152841827  1.216587E-15
1395.66481481827  1.708510E-15
1395.80810121827  8.269947E-16
1395.95138761827  7.565852E-16
1396.09467401827  1.085064E-15
1396.23796041827  1.247482E-15
1396.38124681827  6.062421E-16
1396.52453321827  1.321347E-15
1396.66781961827  1.099644E-15
1396.81110601827  1.708126E-15
1396.95439241827  1.936421E-15
1397.09767881827  1.767739E-15
1397.24096521827  1.208323E-15
1397.38425161827  1.061268E-15
1397.52753801827  7.192533E-16
1397.67082441827  1.310059E-15
1397.81411081827  1.330583E-15
1397.95739721827  5.920267E-16
1398.10068361827  5.767245E-16
1398.24397001827  1.232434E-15
1398.38725641827  6.979369E-16
1398.53054281827  1.128439E-15
1398.67382921827  5.862832E-16
1398.81711561827  4.937999E-16
1398.96040201827  5.164814E-16
1399.10368841827  7.848216E-16
1399.24697481827  9.408324E-16
1399.39026121827  1.231267E-15
1399.53354761827  1.027877E-15
1399.67683401827  7.832815E-16
1399.82012041827  7.410812E-16
1399.96340681827  1.374060E-15
1400.10669321827  1.519973E-15
1400.24997961827  1.428455E-15
1400.39326601827  1.226414E-15
1400.53655241827  4.559038E-16
1400.67983881827  1.122018E-15
1400.82312521827  9.308532E-16
1400.96641161827  9.455127E-16
1401.10969801827  1.334796E-15
1401.25298441827  9.481575E-16
1401.39627081827  1.409769E-15
1401.53955721827  9.628229E-16
1401.68284361827  4.801495E-16
1401.82613001827  5.953421E-16
1401.96941641827  1.008341E-15
1402.11270281827  3.253710E-16
1402.25598921827  9.426956E-16
1402.39927561827  4.168887E-16
1402.54256201827  1.154197E-15
1402.68584841827  7.332140E-16
1402.82913481827  1.208569E-15
1402.97242121827  9.232151E-16
1403.11570761827  5.701007E-16
1403.25899401827  9.088598E-16
1403.40228041827  1.068730E-15
1403.54556681827  1.278975E-15
1403.68885321827  2.392279E-16
1403.83213961827  9.552724E-16
1403.97542601827  1.382778E-15
1404.11871241827  4.431374E-16
1404.26199881827  7.946523E-16
1404.40528521827  9.644061E-16
1404.54857161827  7.801266E-16
1404.69185801827  3.549268E-16
1404.83514441827  6.021072E-16
1404.97843081827  1.444160E-15
1405.12171721827  1.648819E-15
1405.26500361827  5.526043E-16
1405.40829001827  1.024345E-15
1405.55157641827  4.888459E-16
1405.69486281827  9.266574E-16
1405.83814921827  6.793571E-16
1405.98143561827  6.447324E-16
1406.12472201827  6.450502E-16
1406.26800841827  8.514740E-16
1406.41129481827  1.596828E-15
1406.55458121827  9.442598E-16
1406.69786761827  8.728235E-16
1406.84115401827  1.289875E-15
1406.98444041827  1.747518E-15
1407.12772681827  1.054463E-15
1407.27101321827  1.200493E-15
1407.41429961827  1.113833E-15
1407.55758601827  1.528811E-15
1407.70087241827  1.986931E-15
1407.84415881827  1.276830E-15
1407.98744521827  4.745757E-16
1408.13073161827  1.169096E-15
1408.27401801827  7.936169E-16
1408.41730441827  1.410614E-15
1408.56059081827  2.663915E-16
1408.70387721827  1.057766E-15
1408.84716361827  8.962347E-16
1408.99045001827  1.102576E-15
1409.13373641827  1.005906E-15
1409.27702281827  8.909443E-16
1409.42030921827  1.104335E-15
1409.56359561827  1.005226E-15
1409.70688201827  1.332655E-15
1409.85016841827  1.014930E-15
1409.99345481827  1.449119E-15
1410.13674121827  1.355387E-15
1410.28002761827  1.016067E-15
1410.42331401827  1.117838E-15
1410.56660041827  5.590243E-16
1410.70988681827  1.448135E-15
1410.85317321827  7.920235E-16
1410.99645961827  5.487764E-16
1411.13974601827  7.716587E-16
1411.28303241827  6.620632E-16
1411.42631881827  1.004712E-15
1411.56960521827  1.125289E-15
1411.71289161827  5.506133E-16
1411.85617801827  1.239970E-15
1411.99946441827  1.129676E-15
1412.14275081827  6.640418E-16
1412.28603721827  4.297844E-16
1412.42932361827  1.596778E-15
1412.57261001827  6.615650E-16
1412.71589641827  8.509092E-17
1412.85918281827  8.977989E-16
1413.00246921827  9.050847E-16
1413.14575561827  1.474854E-15
1413.28904201827  7.709581E-16
1413.43232841827  9.613588E-17
1413.57561481827  1.026633E-15
1413.71890121827  1.481326E-15
1413.86218761827  1.231968E-15
1414.00547401827  4.385010E-16
1414.14876041827  6.959456E-16
1414.29204681827  1.590155E-15
1414.43533321827  1.021506E-15
1414.57861961827  1.023883E-15
1414.72190601827  1.137829E-15
1414.86519241827  1.113743E-15
1415.00847881827  5.816383E-16
1415.15176521827  1.248842E-15
1415.29505161827  9.778230E-16
1415.43833801827  9.784915E-17
1415.58162441827  4.600374E-16
1415.72491081827  9.219360E-16
1415.86819721827  1.125085E-15
1416.01148361827  7.547302E-16
1416.15477001827  2.362595E-16
1416.29805641827  7.986184E-16
1416.44134281827  9.017765E-16
1416.58462921827  7.664705E-16
1416.72791561827  5.234762E-16
1416.87120201827  1.609893E-15
1417.01448841827  1.325410E-15
1417.15777481827  6.633244E-16
1417.30106121827  1.770163E-15
1417.44434761827  6.850123E-16
1417.58763401827  8.679913E-16
1417.73092041827  1.618900E-15
1417.87420681827  1.455756E-15
1418.01749321827  8.906868E-16
1418.16077961827  7.338939E-16
1418.30406601827  1.176908E-15
1418.44735241827  4.410009E-16
1418.59063881827  1.401019E-15
1418.73392521827  4.641346E-16
1418.87721161827  7.310438E-16
1419.02049801827  1.130916E-15
1419.16378441827  9.328434E-16
1419.30707081827  1.067922E-15
1419.45035721827  1.309413E-15
1419.59364361827  1.447941E-15
1419.73693001827  9.068056E-16
1419.88021641827  7.713521E-16
1420.02350281827  6.089240E-16
1420.16678921827  8.918765E-16
1420.31007561827  7.333820E-16
1420.45336201827  1.013893E-15
1420.59664841827  8.740691E-16
1420.73993481827  1.255928E-15
1420.88322121827  1.190001E-15
1421.02650761827  1.857271E-15
1421.16979401827  1.020541E-15
1421.31308041827  1.387417E-15
1421.45636681827  6.212997E-16
1421.59965321827  8.520399E-16
1421.74293961827  4.441610E-16
1421.88622601827  5.439757E-16
1422.02951241827  9.935500E-16
1422.17279881827  8.537842E-16
1422.31608521827  1.581152E-15
1422.45937161827  1.135672E-15
1422.60265801827  8.912674E-16
1422.74594441827  7.999830E-16
1422.88923081827  1.257459E-15
1423.03251721827  9.683751E-16
1423.17580361827  7.064282E-16
1423.31909001827  1.118541E-15
1423.46237641827  4.195761E-16
1423.60566281827  8.635580E-16
1423.74894921827  1.135190E-15
1423.89223561827  1.309197E-15
1424.03552201827  8.186574E-16
1424.17880841827  9.240127E-16
1424.32209481827  1.357491E-15
1424.46538121827  1.326386E-15
1424.60866761827  8.356761E-16
1424.75195401827  7.826626E-16
1424.89524041827  7.233993E-16
1425.03852681827  1.266747E-15
1425.18181321827  1.350853E-15
1425.32509961827  1.077464E-15
1425.46838601827  1.497386E-15
1425.61167241827  1.479230E-15
1425.75495881827  1.123793E-15
1425.89824521827  1.161462E-15
1426.04153161827  9.405076E-16
1426.18481801827  8.454968E-16
1426.32810441827  8.461081E-16
1426.47139081827  8.429111E-16
1426.61467721827  8.630295E-16
1426.75796361827  8.312853E-16
1426.90125001827  5.542608E-16
1427.04453641827  8.981858E-16
1427.18782281827  1.214786E-15
1427.33110921827  1.453965E-15
1427.47439561827  9.197112E-16
1427.61768201827  4.939249E-16
1427.76096841827  7.889041E-16
1427.90425481827  1.406081E-15
1428.04754121827  1.242272E-15
1428.19082761827  4.404287E-16
1428.33411401827  8.887908E-16
1428.47740041827  1.232966E-15
1428.62068681827  8.196284E-16
1428.76397321827  6.808935E-16
1428.90725961827  1.143765E-15
1429.05054601827  8.546642E-16
1429.19383241827  6.265820E-16
1429.33711881827  7.917244E-16
1429.48040521827  1.071561E-15
1429.62369161827  1.048533E-15
1429.76697801827  5.168314E-16
1429.91026441827  7.385941E-16
1430.05355081827  1.235991E-15
1430.19683721827  1.600575E-15
1430.34012361827  1.032404E-15
1430.48341001827  1.077073E-15
1430.62669641827  1.375181E-15
1430.76998281827  1.083834E-15
1430.91326921827  1.372577E-15
1431.05655561827  6.930005E-16
1431.19984201827  4.673791E-16
1431.34312841827  5.832735E-16
1431.48641481827  9.247329E-16
1431.62970121827  1.178864E-15
1431.77298761827  1.325239E-15
1431.91627401827  1.358210E-15
1432.05956041827  8.383078E-16
1432.20284681827  3.880135E-16
1432.34613321827  5.626737E-16
1432.48941961827  7.273524E-16
1432.63270601827  7.747819E-16
1432.77599241827  1.093716E-15
1432.91927881827  1.358329E-15
1433.06256521827  1.068379E-15
1433.20585161827  9.885315E-16
1433.34913801827  9.399209E-16
1433.49242441827  9.583757E-16
1433.63571081827  9.197992E-16
1433.77899721827  6.030211E-16
1433.92228361827  9.057533E-16
1434.06557001827  1.327146E-15
1434.20885641827  1.249778E-15
1434.35214281827  1.044097E-15
1434.49542921827  9.426664E-16
1434.63871561827  1.464108E-15
1434.78200201827  1.721051E-15
1434.92528841827  1.538808E-15
1435.06857481827  1.010389E-15
1435.21186121827  1.073113E-15
1435.35514761827  1.799828E-15
1435.49843401827  1.264985E-15
1435.64172041827  6.840782E-16
1435.78500681827  6.102269E-16
1435.92829321827  7.233242E-16
1436.07157961827  7.024137E-16
1436.21486601827  7.096092E-16
1436.35815241827  1.120349E-15
1436.50143881827  1.268052E-15
1436.64472521827  1.269035E-15
1436.78801161827  1.623856E-15
1436.93129801827  2.001119E-15
1437.07458441827  1.273132E-15
1437.21787081827  9.055843E-16
1437.36115721827  1.164838E-15
1437.50444361827  1.126483E-15
1437.64773001827  1.164689E-15
1437.79101641827  6.973827E-16
1437.93430281827  2.377264E-16
1438.07758921827  2.734292E-16
1438.22087561827  8.752462E-16
1438.36416201827  1.153045E-15
1438.50744841827  6.406318E-16
1438.65073481827  4.178378E-16
1438.79402121827  7.603855E-16
1438.93730761827  6.293980E-16
1439.08059401827  3.627849E-16
1439.22388041827  7.638525E-16
1439.36716681827  1.167489E-15
1439.51045321827  9.669409E-16
1439.65373961827  7.639758E-16
1439.79702601827  7.685722E-16
1439.94031241827  1.176641E-15
1440.08359881827  1.230619E-15
1440.22688521827  1.037045E-15
1440.37017161827  9.678807E-16
1440.51345801827  1.187883E-15
1440.65674441827  1.373378E-15
1440.80003081827  9.508122E-16
1440.94331721827  2.013164E-16
1441.08660361827  2.604511E-16
1441.22989001827  8.547044E-16
1441.37317641827  7.463075E-16
1441.51646281827  1.016638E-15
1441.65974921827  1.297420E-15
1441.80303561827  1.026939E-15
1441.94632201827  1.134354E-15
1442.08960841827  1.544907E-15
1442.23289481827  1.496613E-15
1442.37618121827  1.011674E-15
1442.51946761827  1.163100E-15
1442.66275401827  1.458241E-15
1442.80604041827  1.224380E-15
1442.94932681827  9.723561E-16
1443.09261321827  7.570547E-16
1443.23589961827  1.122072E-15
1443.37918601827  1.143450E-15
1443.52247241827  1.402841E-15
1443.66575881827  1.334327E-15
1443.80904521827  2.036888E-15
1443.95233161827  1.470261E-15
1444.09561801827  2.322830E-16
1444.23890441827  5.420833E-16
1444.38219081827  1.341403E-15
1444.52547721827  1.106611E-15
1444.66876361827  2.779628E-16
1444.81205001827  5.559683E-16
1444.95533641827  9.254728E-16
1445.09862281827  8.399937E-16
1445.24190921827  1.395699E-15
1445.38519561827  2.020260E-15
1445.52848201827  1.473843E-15
1445.67176841827  8.920134E-16
1445.81505481827  1.058222E-15
1445.95834121827  7.644254E-16
1446.10162761827  1.418078E-15
1446.24491401827  1.188272E-15
1446.38820041827  1.617202E-15
1446.53148681827  1.140848E-15
1446.67477321827  1.121888E-15
1446.81805961827  1.454414E-15
1446.96134601827  1.316540E-15
1447.10463241827  1.036778E-15
1447.24791881827  1.322044E-15
1447.39120521827  1.318154E-15
1447.53449161827  7.508738E-16
1447.67777801827  1.198290E-15
1447.82106441827  8.389255E-16
1447.96435081827  9.157983E-16
1448.10763721827  7.027299E-16
1448.25092361827  3.314571E-16
1448.39421001827  4.420353E-16
1448.53749641827  3.299068E-16
1448.68078281827  6.439437E-16
1448.82406921827  4.109186E-16
1448.96735561827  4.455931E-16
1449.11064201827  7.304794E-16
1449.25392841827  1.219187E-15
1449.39721481827  1.073287E-15
1449.54050121827  1.159292E-15
1449.68378761827  7.231402E-16
1449.82707401827  8.401010E-16
1449.97036041827  4.335449E-16
1450.11364681827  1.183686E-15
1450.25693321827  6.822678E-16
1450.40021961827  7.024622E-16
1450.54350601827  1.023553E-15
1450.68679241827  9.896286E-16
1450.83007881827  1.168859E-15
1450.97336521827  8.099001E-16
1451.11665161827  6.686855E-16
1451.25993801827  4.514567E-16
1451.40322441827  5.671435E-17
1451.54651081827  1.491063E-15
1451.68979721827  9.614997E-16
1451.83308361827  1.155556E-16
1451.97637001827  6.217286E-16
1452.11965641827  1.035376E-15
1452.26294281827  1.096635E-15
1452.40622921827  4.214061E-16
1452.54951561827  1.032294E-15
1452.69280201827  3.319437E-16
1452.83608841827  1.123330E-15
1452.97937481827  1.039956E-15
1453.12266121827  1.416498E-15
1453.26594761827  1.761166E-15
1453.40923401827  9.250185E-16
1453.55252041827  5.622520E-16
1453.69580681827  1.153795E-15
1453.83909321827  9.792998E-16
1453.98237961827  1.073640E-15
1454.12566601827  9.495521E-16
1454.26895241827  1.077350E-15
1454.41223881827  6.279162E-16
1454.55552521827  1.180014E-15
1454.69881161827  1.305816E-15
1454.84209801827  9.803320E-16
1454.98538441827  7.570992E-16
1455.12867081827  3.991079E-16
1455.27195721827  1.004985E-15
1455.41524361827  1.284584E-15
1455.55853001827  1.480359E-15
1455.70181641827  9.220399E-16
1455.84510281827  1.085158E-15
1455.98838921827  8.694808E-16
1456.13167561827  4.486777E-16
1456.27496201827  1.294600E-15
1456.41824841827  3.860244E-16
1456.56153481827  8.974260E-16
1456.70482121827  3.299274E-16
1456.84810761827  9.043463E-16
1456.99139401827  8.524863E-16
1457.13468041827  1.631625E-15
1457.27796681827  1.588889E-15
1457.42125321827  5.080049E-16
1457.56453961827  6.658893E-16
1457.70782601827  2.888855E-16
1457.85111241827  6.566872E-16
1457.99439881827  9.647525E-16
1458.13768521827  1.261999E-15
1458.28097161827  4.632407E-16
1458.42425801827  2.609088E-16
1458.56754441827  1.492623E-15
1458.71083081827  1.026909E-15
1458.85411721827  9.904979E-16
1458.99740361827  5.713850E-16
1459.14069001827  6.870148E-16
1459.28397641827  5.541281E-16
1459.42726281827  1.114404E-15
1459.57054921827  1.142333E-15
1459.71383561827  1.136701E-15
1459.85712201827  8.510646E-16
1460.00040841827  1.847515E-15
1460.14369481827  5.824721E-16
1460.28698121827  8.314374E-16
1460.43026761827  -3.219457E-17
1460.57355401827  6.786136E-16
1460.71684041827  1.717548E-15
1460.86012681827  8.532114E-16
1461.00341321827  1.880843E-15
1461.14669961827  8.486429E-16
1461.28998601827  2.486281E-16
